   3.4256478e-01   1.2580019e-02   5.0605212e-01
   3.4256478e-01   1.2600268e-02   5.1896918e-01
   3.4256478e-01   1.1103233e-01   2.4464171e-01
   3.4256478e-01   1.1238444e-01   2.4650538e-01
   3.4256478e-01   1.6024835e-01   2.5259078e-01
   3.4256478e-01   1.9222798e-01   1.3157388e-01
   3.4256478e-01   2.1218886e-01   9.9913144e-02
   3.4256478e-01   2.5868041e-01   1.5690002e-02
   3.4256478e-01   3.0789644e-01   6.5312439e-03
   3.4256478e-01   3.1199329e-01   5.8729022e-03
   3.4256478e-01   4.0632850e-01  -4.5602678e-03
   3.4256478e-01   4.1179771e-01  -4.5539485e-03
   3.4256478e-01   5.0476055e-01   2.0736153e-03
   3.4256478e-01   5.1160213e-01   3.4649417e-03
   3.4256478e-01   5.8146523e-01   5.0772539e-02
   3.4256478e-01   6.0319261e-01   6.4552177e-02
   3.4256478e-01   6.1140655e-01   7.9232838e-02
   3.4256478e-01   6.8126965e-01   1.6709815e-01
   3.4256478e-01   7.0162467e-01   2.3475057e-01
   3.4256478e-01   7.4115230e-01   3.3199187e-01
   3.4256478e-01   8.0005673e-01   3.8218888e-01
   3.4256478e-01   8.1101540e-01   3.8920819e-01
   3.4256478e-01   9.1817520e-01   4.3483895e-01
   3.4256478e-01   9.5074159e-01   4.6833419e-01
